v 20080127 1
C 40000 40000 0 0 0 title-B.sym
T 43000 50250 5 10 0 0 0 0 1
device=CONNECTOR_8
T 43000 50450 5 10 0 0 0 0 1
footprint=SIP8N
T 43000 50650 5 10 0 0 0 0 1
author=Leon Kos
T 43000 50850 5 10 0 0 0 0 1
description=generic connector
T 43000 51050 5 10 0 0 0 0 1
numslots=0
T 43000 46250 5 10 0 0 0 0 1
device=CONNECTOR_8
T 43000 46450 5 10 0 0 0 0 1
footprint=SIP8N
T 43000 46650 5 10 0 0 0 0 1
author=Leon Kos
T 43000 46850 5 10 0 0 0 0 1
description=generic connector
T 43000 47050 5 10 0 0 0 0 1
numslots=0
B 41000 48100 600 1800 3 0 0 0 -1 -1 0 -1 -1 -1 -1 -1
P 41900 49700 41600 49700 1 0 0
{
T 41700 49750 5 8 1 1 0 0 1
pinnumber=1
T 41700 49750 5 8 0 1 0 0 1
pinseq=1
T 41700 49750 5 8 0 1 0 6 1
pinlabel=I0
T 41700 49750 5 8 0 1 0 8 1
pintype=in
}
V 41400 49700 50 3 0 0 0 -1 -1 0 -1 -1 -1 -1 -1
L 41450 49700 41600 49700 3 0 0 0 -1 -1
P 41900 49500 41600 49500 1 0 0
{
T 41700 49550 5 8 1 1 0 0 1
pinnumber=2
T 41700 49550 5 8 0 1 0 0 1
pinseq=2
T 41700 49550 5 8 0 1 0 6 1
pinlabel=I1
T 41700 49550 5 8 0 1 0 8 1
pintype=in
}
V 41200 49500 50 3 0 0 0 -1 -1 0 -1 -1 -1 -1 -1
L 41250 49500 41600 49500 3 0 0 0 -1 -1
P 41900 49300 41600 49300 1 0 0
{
T 41700 49350 5 8 1 1 0 0 1
pinnumber=3
T 41700 49350 5 8 0 1 0 0 1
pinseq=3
T 41700 49350 5 8 0 1 0 6 1
pinlabel=I2
T 41700 49350 5 8 0 1 0 8 1
pintype=in
}
V 41400 49300 50 3 0 0 0 -1 -1 0 -1 -1 -1 -1 -1
L 41450 49300 41600 49300 3 0 0 0 -1 -1
P 41900 49100 41600 49100 1 0 0
{
T 41700 49150 5 8 1 1 0 0 1
pinnumber=4
T 41700 49150 5 8 0 1 0 0 1
pinseq=4
T 41700 49150 5 8 0 1 0 6 1
pinlabel=I3
T 41700 49150 5 8 0 1 0 8 1
pintype=in
}
V 41200 49100 50 3 0 0 0 -1 -1 0 -1 -1 -1 -1 -1
L 41250 49100 41600 49100 3 0 0 0 -1 -1
P 41900 48900 41600 48900 1 0 0
{
T 41700 48950 5 8 1 1 0 0 1
pinnumber=5
T 41700 48950 5 8 0 1 0 0 1
pinseq=5
T 41700 48950 5 8 0 1 0 6 1
pinlabel=I4
T 41700 48950 5 8 0 1 0 8 1
pintype=in
}
V 41400 48900 50 3 0 0 0 -1 -1 0 -1 -1 -1 -1 -1
L 41450 48900 41600 48900 3 0 0 0 -1 -1
P 41900 48700 41600 48700 1 0 0
{
T 41700 48750 5 8 1 1 0 0 1
pinnumber=6
T 41700 48750 5 8 0 1 0 0 1
pinseq=6
T 41700 48750 5 8 0 1 0 6 1
pinlabel=I5
T 41700 48750 5 8 0 1 0 8 1
pintype=in
}
V 41200 48700 50 3 0 0 0 -1 -1 0 -1 -1 -1 -1 -1
L 41250 48700 41600 48700 3 0 0 0 -1 -1
P 41900 48500 41600 48500 1 0 0
{
T 41700 48550 5 8 1 1 0 0 1
pinnumber=7
T 41700 48550 5 8 0 1 0 0 1
pinseq=7
T 41700 48550 5 8 0 1 0 6 1
pinlabel=I6
T 41700 48550 5 8 0 1 0 8 1
pintype=in
}
V 41400 48500 50 3 0 0 0 -1 -1 0 -1 -1 -1 -1 -1
L 41450 48500 41600 48500 3 0 0 0 -1 -1
P 41900 48300 41600 48300 1 0 0
{
T 41700 48350 5 8 1 1 0 0 1
pinnumber=8
T 41700 48350 5 8 0 1 0 0 1
pinseq=8
T 41700 48350 5 8 0 1 0 6 1
pinlabel=I7
T 41700 48350 5 8 0 1 0 8 1
pintype=in
}
V 41200 48300 50 3 0 0 0 -1 -1 0 -1 -1 -1 -1 -1
L 41250 48300 41600 48300 3 0 0 0 -1 -1
T 41000 51100 5 10 0 0 0 0 1
device=RJ45
T 41450 50350 9 10 1 1 180 0 1
RJ45
T 41000 50900 5 10 0 0 0 0 1
footprint=RJ45
T 41000 50700 5 10 0 0 0 0 1
description=RJ45 Connector
T 41000 50500 5 10 0 0 0 0 1
documentation=TBD
T 41000 50000 8 10 1 1 0 0 1
refdes=CONN?
T 41000 51300 5 10 0 0 0 0 1
numslots=0
B 41000 45800 600 1800 3 0 0 0 -1 -1 0 -1 -1 -1 -1 -1
P 41900 47400 41600 47400 1 0 0
{
T 41700 47450 5 8 1 1 0 0 1
pinnumber=1
T 41700 47450 5 8 0 1 0 0 1
pinseq=1
T 41700 47450 5 8 0 1 0 6 1
pinlabel=I0
T 41700 47450 5 8 0 1 0 8 1
pintype=in
}
V 41400 47400 50 3 0 0 0 -1 -1 0 -1 -1 -1 -1 -1
L 41450 47400 41600 47400 3 0 0 0 -1 -1
P 41900 47200 41600 47200 1 0 0
{
T 41700 47250 5 8 1 1 0 0 1
pinnumber=2
T 41700 47250 5 8 0 1 0 0 1
pinseq=2
T 41700 47250 5 8 0 1 0 6 1
pinlabel=I1
T 41700 47250 5 8 0 1 0 8 1
pintype=in
}
V 41200 47200 50 3 0 0 0 -1 -1 0 -1 -1 -1 -1 -1
L 41250 47200 41600 47200 3 0 0 0 -1 -1
P 41900 47000 41600 47000 1 0 0
{
T 41700 47050 5 8 1 1 0 0 1
pinnumber=3
T 41700 47050 5 8 0 1 0 0 1
pinseq=3
T 41700 47050 5 8 0 1 0 6 1
pinlabel=I2
T 41700 47050 5 8 0 1 0 8 1
pintype=in
}
V 41400 47000 50 3 0 0 0 -1 -1 0 -1 -1 -1 -1 -1
L 41450 47000 41600 47000 3 0 0 0 -1 -1
P 41900 46800 41600 46800 1 0 0
{
T 41700 46850 5 8 1 1 0 0 1
pinnumber=4
T 41700 46850 5 8 0 1 0 0 1
pinseq=4
T 41700 46850 5 8 0 1 0 6 1
pinlabel=I3
T 41700 46850 5 8 0 1 0 8 1
pintype=in
}
V 41200 46800 50 3 0 0 0 -1 -1 0 -1 -1 -1 -1 -1
L 41250 46800 41600 46800 3 0 0 0 -1 -1
P 41900 46600 41600 46600 1 0 0
{
T 41700 46650 5 8 1 1 0 0 1
pinnumber=5
T 41700 46650 5 8 0 1 0 0 1
pinseq=5
T 41700 46650 5 8 0 1 0 6 1
pinlabel=I4
T 41700 46650 5 8 0 1 0 8 1
pintype=in
}
V 41400 46600 50 3 0 0 0 -1 -1 0 -1 -1 -1 -1 -1
L 41450 46600 41600 46600 3 0 0 0 -1 -1
P 41900 46400 41600 46400 1 0 0
{
T 41700 46450 5 8 1 1 0 0 1
pinnumber=6
T 41700 46450 5 8 0 1 0 0 1
pinseq=6
T 41700 46450 5 8 0 1 0 6 1
pinlabel=I5
T 41700 46450 5 8 0 1 0 8 1
pintype=in
}
V 41200 46400 50 3 0 0 0 -1 -1 0 -1 -1 -1 -1 -1
L 41250 46400 41600 46400 3 0 0 0 -1 -1
P 41900 46200 41600 46200 1 0 0
{
T 41700 46250 5 8 1 1 0 0 1
pinnumber=7
T 41700 46250 5 8 0 1 0 0 1
pinseq=7
T 41700 46250 5 8 0 1 0 6 1
pinlabel=I6
T 41700 46250 5 8 0 1 0 8 1
pintype=in
}
V 41400 46200 50 3 0 0 0 -1 -1 0 -1 -1 -1 -1 -1
L 41450 46200 41600 46200 3 0 0 0 -1 -1
P 41900 46000 41600 46000 1 0 0
{
T 41700 46050 5 8 1 1 0 0 1
pinnumber=8
T 41700 46050 5 8 0 1 0 0 1
pinseq=8
T 41700 46050 5 8 0 1 0 6 1
pinlabel=I7
T 41700 46050 5 8 0 1 0 8 1
pintype=in
}
V 41200 46000 50 3 0 0 0 -1 -1 0 -1 -1 -1 -1 -1
L 41250 46000 41600 46000 3 0 0 0 -1 -1
T 41000 48700 5 10 0 0 0 0 1
device=RJ45
T 41450 48050 9 10 1 1 180 0 1
RJ45
T 41000 48500 5 10 0 0 0 0 1
footprint=RJ45
T 41000 48300 5 10 0 0 0 0 1
description=RJ45 Connector
T 41000 48100 5 10 0 0 0 0 1
documentation=TBD
T 41000 47700 8 10 1 1 0 0 1
refdes=CONN?
T 41000 48900 5 10 0 0 0 0 1
numslots=0
B 41000 43500 600 1800 3 0 0 0 -1 -1 0 -1 -1 -1 -1 -1
P 41900 45100 41600 45100 1 0 0
{
T 41700 45150 5 8 1 1 0 0 1
pinnumber=1
T 41700 45150 5 8 0 1 0 0 1
pinseq=1
T 41700 45150 5 8 0 1 0 6 1
pinlabel=I0
T 41700 45150 5 8 0 1 0 8 1
pintype=in
}
V 41400 45100 50 3 0 0 0 -1 -1 0 -1 -1 -1 -1 -1
L 41450 45100 41600 45100 3 0 0 0 -1 -1
P 41900 44900 41600 44900 1 0 0
{
T 41700 44950 5 8 1 1 0 0 1
pinnumber=2
T 41700 44950 5 8 0 1 0 0 1
pinseq=2
T 41700 44950 5 8 0 1 0 6 1
pinlabel=I1
T 41700 44950 5 8 0 1 0 8 1
pintype=in
}
V 41200 44900 50 3 0 0 0 -1 -1 0 -1 -1 -1 -1 -1
L 41250 44900 41600 44900 3 0 0 0 -1 -1
P 41900 44700 41600 44700 1 0 0
{
T 41700 44750 5 8 1 1 0 0 1
pinnumber=3
T 41700 44750 5 8 0 1 0 0 1
pinseq=3
T 41700 44750 5 8 0 1 0 6 1
pinlabel=I2
T 41700 44750 5 8 0 1 0 8 1
pintype=in
}
V 41400 44700 50 3 0 0 0 -1 -1 0 -1 -1 -1 -1 -1
L 41450 44700 41600 44700 3 0 0 0 -1 -1
P 41900 44500 41600 44500 1 0 0
{
T 41700 44550 5 8 1 1 0 0 1
pinnumber=4
T 41700 44550 5 8 0 1 0 0 1
pinseq=4
T 41700 44550 5 8 0 1 0 6 1
pinlabel=I3
T 41700 44550 5 8 0 1 0 8 1
pintype=in
}
V 41200 44500 50 3 0 0 0 -1 -1 0 -1 -1 -1 -1 -1
L 41250 44500 41600 44500 3 0 0 0 -1 -1
P 41900 44300 41600 44300 1 0 0
{
T 41700 44350 5 8 1 1 0 0 1
pinnumber=5
T 41700 44350 5 8 0 1 0 0 1
pinseq=5
T 41700 44350 5 8 0 1 0 6 1
pinlabel=I4
T 41700 44350 5 8 0 1 0 8 1
pintype=in
}
V 41400 44300 50 3 0 0 0 -1 -1 0 -1 -1 -1 -1 -1
L 41450 44300 41600 44300 3 0 0 0 -1 -1
P 41900 44100 41600 44100 1 0 0
{
T 41700 44150 5 8 1 1 0 0 1
pinnumber=6
T 41700 44150 5 8 0 1 0 0 1
pinseq=6
T 41700 44150 5 8 0 1 0 6 1
pinlabel=I5
T 41700 44150 5 8 0 1 0 8 1
pintype=in
}
V 41200 44100 50 3 0 0 0 -1 -1 0 -1 -1 -1 -1 -1
L 41250 44100 41600 44100 3 0 0 0 -1 -1
P 41900 43900 41600 43900 1 0 0
{
T 41700 43950 5 8 1 1 0 0 1
pinnumber=7
T 41700 43950 5 8 0 1 0 0 1
pinseq=7
T 41700 43950 5 8 0 1 0 6 1
pinlabel=I6
T 41700 43950 5 8 0 1 0 8 1
pintype=in
}
V 41400 43900 50 3 0 0 0 -1 -1 0 -1 -1 -1 -1 -1
L 41450 43900 41600 43900 3 0 0 0 -1 -1
P 41900 43700 41600 43700 1 0 0
{
T 41700 43750 5 8 1 1 0 0 1
pinnumber=8
T 41700 43750 5 8 0 1 0 0 1
pinseq=8
T 41700 43750 5 8 0 1 0 6 1
pinlabel=I7
T 41700 43750 5 8 0 1 0 8 1
pintype=in
}
V 41200 43700 50 3 0 0 0 -1 -1 0 -1 -1 -1 -1 -1
L 41250 43700 41600 43700 3 0 0 0 -1 -1
T 41000 46200 5 10 0 0 0 0 1
device=RJ45
T 41450 45750 9 10 1 1 180 0 1
RJ45
T 41000 46000 5 10 0 0 0 0 1
footprint=RJ45
T 41000 45800 5 10 0 0 0 0 1
description=RJ45 Connector
T 41000 45600 5 10 0 0 0 0 1
documentation=TBD
T 41000 45400 8 10 1 1 0 0 1
refdes=CONN?
T 41000 46400 5 10 0 0 0 0 1
numslots=0
B 41000 41200 600 1800 3 0 0 0 -1 -1 0 -1 -1 -1 -1 -1
P 41900 42800 41600 42800 1 0 0
{
T 41700 42850 5 8 1 1 0 0 1
pinnumber=1
T 41700 42850 5 8 0 1 0 0 1
pinseq=1
T 41700 42850 5 8 0 1 0 6 1
pinlabel=I0
T 41700 42850 5 8 0 1 0 8 1
pintype=in
}
V 41400 42800 50 3 0 0 0 -1 -1 0 -1 -1 -1 -1 -1
L 41450 42800 41600 42800 3 0 0 0 -1 -1
P 41900 42600 41600 42600 1 0 0
{
T 41700 42650 5 8 1 1 0 0 1
pinnumber=2
T 41700 42650 5 8 0 1 0 0 1
pinseq=2
T 41700 42650 5 8 0 1 0 6 1
pinlabel=I1
T 41700 42650 5 8 0 1 0 8 1
pintype=in
}
V 41200 42600 50 3 0 0 0 -1 -1 0 -1 -1 -1 -1 -1
L 41250 42600 41600 42600 3 0 0 0 -1 -1
P 41900 42400 41600 42400 1 0 0
{
T 41700 42450 5 8 1 1 0 0 1
pinnumber=3
T 41700 42450 5 8 0 1 0 0 1
pinseq=3
T 41700 42450 5 8 0 1 0 6 1
pinlabel=I2
T 41700 42450 5 8 0 1 0 8 1
pintype=in
}
V 41400 42400 50 3 0 0 0 -1 -1 0 -1 -1 -1 -1 -1
L 41450 42400 41600 42400 3 0 0 0 -1 -1
P 41900 42200 41600 42200 1 0 0
{
T 41700 42250 5 8 1 1 0 0 1
pinnumber=4
T 41700 42250 5 8 0 1 0 0 1
pinseq=4
T 41700 42250 5 8 0 1 0 6 1
pinlabel=I3
T 41700 42250 5 8 0 1 0 8 1
pintype=in
}
V 41200 42200 50 3 0 0 0 -1 -1 0 -1 -1 -1 -1 -1
L 41250 42200 41600 42200 3 0 0 0 -1 -1
P 41900 42000 41600 42000 1 0 0
{
T 41700 42050 5 8 1 1 0 0 1
pinnumber=5
T 41700 42050 5 8 0 1 0 0 1
pinseq=5
T 41700 42050 5 8 0 1 0 6 1
pinlabel=I4
T 41700 42050 5 8 0 1 0 8 1
pintype=in
}
V 41400 42000 50 3 0 0 0 -1 -1 0 -1 -1 -1 -1 -1
L 41450 42000 41600 42000 3 0 0 0 -1 -1
P 41900 41800 41600 41800 1 0 0
{
T 41700 41850 5 8 1 1 0 0 1
pinnumber=6
T 41700 41850 5 8 0 1 0 0 1
pinseq=6
T 41700 41850 5 8 0 1 0 6 1
pinlabel=I5
T 41700 41850 5 8 0 1 0 8 1
pintype=in
}
V 41200 41800 50 3 0 0 0 -1 -1 0 -1 -1 -1 -1 -1
L 41250 41800 41600 41800 3 0 0 0 -1 -1
P 41900 41600 41600 41600 1 0 0
{
T 41700 41650 5 8 1 1 0 0 1
pinnumber=7
T 41700 41650 5 8 0 1 0 0 1
pinseq=7
T 41700 41650 5 8 0 1 0 6 1
pinlabel=I6
T 41700 41650 5 8 0 1 0 8 1
pintype=in
}
V 41400 41600 50 3 0 0 0 -1 -1 0 -1 -1 -1 -1 -1
L 41450 41600 41600 41600 3 0 0 0 -1 -1
P 41900 41400 41600 41400 1 0 0
{
T 41700 41450 5 8 1 1 0 0 1
pinnumber=8
T 41700 41450 5 8 0 1 0 0 1
pinseq=8
T 41700 41450 5 8 0 1 0 6 1
pinlabel=I7
T 41700 41450 5 8 0 1 0 8 1
pintype=in
}
V 41200 41400 50 3 0 0 0 -1 -1 0 -1 -1 -1 -1 -1
L 41250 41400 41600 41400 3 0 0 0 -1 -1
T 41000 43900 5 10 0 0 0 0 1
device=RJ45
T 41450 43450 9 10 1 1 180 0 1
RJ45
T 41000 43700 5 10 0 0 0 0 1
footprint=RJ45
T 41000 43500 5 10 0 0 0 0 1
description=RJ45 Connector
T 41000 43300 5 10 0 0 0 0 1
documentation=TBD
T 41000 43100 8 10 1 1 0 0 1
refdes=CONN?
T 41000 44100 5 10 0 0 0 0 1
numslots=0
